[[  2.12464061e-257   2.08559188e-257   5.09278990e-313   4.68759409e-307
   -9.83850955e-048]
 [  1.50000000e+002   0.00000000e+000   7.68597971e-002   9.06996270e+000
    0.00000000e+000]
 [  1.50000000e+002   1.20992554e+001   1.91838928e-001   7.35353274e+000
    2.09234608e-001]
 ..., 
 [  6.00000000e+002   1.20384298e+002   2.22889514e+000   1.48129668e+002
    3.90487663e+000]
 [  6.00000000e+002   1.35777609e+002   2.34341476e+000   1.61952894e+002
    4.19355705e+000]
 [  6.00000000e+002   1.42216720e+002   2.50369975e+000   1.87664673e+002
    4.14659373e+000]]
[[ 0.          0.          0.00100662  0.03904311  0.        ]
 [ 0.          0.08159784  0.04806471  0.02997971  0.04770079]
 [ 0.          0.15832413  0.14470926  0.02888406  0.11884888]
 ..., 
 [ 1.          0.81187625  0.88178105  0.77333103  0.89022422]
 [ 1.          0.91568933  0.92865107  0.8463229   0.95603688]
 [ 1.          0.95911494  0.99425173  0.98209083  0.9453303 ]]
